5.7138082841566149
9.9381096835081308
8.2416803804760139
13.496491703606297
6.4209361763215886
6.0266964737763145
6.2922145175174355
4.2265579230270172
9.7431621273106863
4.7450072442428608
9.7981460338574013
10.438779483012157
6.9922836261926271
4.5636567060785769
8.2449543240359606
5.190940727379191
4.4367703078279215
7.0257745422194482
6.9426454393043935
5.7138082841566149
4.4796708589309882
5.866426759545992
4.8946165410688405
13.51947429684807
10.40042803617977
9.425308194484483
8.355807272255543
8.1157415776245863
5.1918734938304727
10.089549410592006
9.2725110620504783
5.8749696967542402
9.2017323658282741
5.7020494841986959
4.9904616755373681
4.853861771515664
8.0355123974040268
4.3561019859332779
9.2880610640580059
4.8464201566231608
10.464611735606097
5.5729362241440539
3.7240071497481617
12.378843886027914
5.8658378355272855
3.9503650774746992
4.1085529633213174
5.1046446330895705
12.329963339369538
5.183141515227808
4.4796708589309882
11.318464644973563
7.0816292825745979
7.2352522390936835
6.864251342737945
6.5049646130597765
10.769853986273199
6.4620506252667607
6.2081539863552306
5.907227855603975
6.5461957099963763
6.5276920232971776
6.9624481328891079
11.908637098074191
11.908667825997707
2.9729796370677488
2.9729796370677488
1.0816092922418523
1.5503637139678372
12.980330073809604
2.1465787447718019
2.5770520651911752
1.5617980204358823
1.0045748730650261
2.9729796370677488
1.7407024921752725
2.9652905774140601
1.6024217469055475
2.1465787447718019
4.425530381681769
1.0836693382345752
2.3805768532612266
1.9042692426096781
11.318464644973563
10.743484057712914
10.680415367450415
11.961606137733014
7.5408782346282877
6.4578634861928199
7.424406566545394
6.5330893688555509
5.8707386087577911
6.4579891682940085
6.4581637837249248
5.866426759545992
6.5049646130597765
5.853016463538081
12.207159851944636
12.391554443004255
5.850023086324776
4.8946165410688405
5.959235647696449
2.9729796370677488
3.5862457035135571
2.9729796370677488
10.743484057712914
12.03795777145908
11.50385177676878
11.56202613258673
10.760421383570202
8.9258994905800169
8.9904744358522048
9.9381096835081308
13.51947429684807
10.40042803617977
11.537809355481414
11.78908506722755
11.292459352852871
13.515009450421184
6.5726942172486407
7.4691753034558976
6.9195264467055289
5.907227855603975
7.1245777801418999
6.264923730388408
10.409458636352056
12.193668687539667
11.786831540710656
6.9060936494587208
6.6224113678859977
6.7478100370416936
6.0494058506323984
9.425308194484483
7.5408782346282877
5.6103950336607689
10.212222144129084
12.890612344056267
8.2416803804760139
7.6533761286938171
8.355807272255543
12.428610889390281
1.0816092922418523
1.9570384323600429
2.5647979485357912
1.3483834293063093
1.1720689243198708
1.919285590735855
1.3365574316829727
3.5710982299703047
8.1157415776245863
11.537809355481414
13.031644235694024
12.948042885221746
12.037517263360199
7.982718350949364
6.9624481328891079
6.5070314453885931
10.680415367450415
5.1918734938304727
1.5503637139678372
1.1243647515806203
12.386853052078767
13.496491703606297
5.1722995053550154
6.0977318294199847
10.089549410592006
12.980330073809604
13.53038648551868
9.2725110620504783
8.8867205528307096
12.049104828140523
5.853016463538081
5.1386885988265796
6.3285245629256242
12.03795777145908
11.56089941318189
11.50385177676878
11.544247840049605
12.890612344056267
7.6533761286938171
12.948042885221746
12.841358270702843
7.7714415203736893
12.947613378359717
8.3451136726962059
8.3825968529278754
5.8749696967542402
13.197067260484738
7.0816292825745979
10.212222144129084
7.4652045782253653
10.211715648666694
9.2017323658282741
12.454074129602908
13.532319182565512
9.2433506120796718
11.56202613258673
12.193668687539667
11.56089941318189
11.544247840049605
11.660743267190481
12.663657939057989
12.741280407123854
11.772207557833303
11.835021625759762
2.1465787447718019
12.428610889390281
11.816899484110312
8.4622212279012885
9.0534615573203645
12.580219642104568
5.7020494841986959
6.5726942172486407
7.1815467237939528
6.5226071479127246
11.908637098074191
11.753194198268428
12.363341673506733
2.2153645940172204
12.841358270702843
6.582429855646871
1.9570384323600429
4.13197649380154
6.4209361763215886
6.4578634861928199
8.8520250969085641
8.7824339463331924
4.9904616755373681
5.1386885988265796
5.6423096004796163
6.0266964737763145
4.4233735720730678
6.2922145175174355
7.0505439498826057
6.4150915550373728
10.643999203772518
11.639300314312175
4.2265579230270172
5.4628907264515192
2.5770520651911752
1.632360572495867
7.1245777801418999
7.1956439687266114
9.7431621273106863
10.123864949233178
9.9722755298004504
7.424406566545394
10.643999203772518
10.769853986273199
12.975691380065404
1.5617980204358823
2.5647979485357912
11.786831540710656
11.816899484110312
11.709488273633029
7.7714415203736893
12.580219642104568
8.0904711446573092
13.800492072011631
4.853861771515664
7.2504381525900143
1.3483834293063093
2.6766252875536996
5.4914508952660555
6.9060936494587208
7.4652045782253653
6.8491641761507074
4.7450072442428608
5.1722995053550154
5.6050542638414864
6.377713722879931
8.0355123974040268
11.639300314312175
9.7981460338574013
4.3561019859332779
12.207159851944636
12.30693517593458
1.0045748730650261
1.1720689243198708
1.1243647515806203
1.632360572495867
2.6766252875536996
3.2221543717031027
2.1202746772252707
1.3916039666519808
1.5122371114720667
1.0908501589678172
1.1473843485690778
13.031644235694024
12.037517263360199
12.386853052078767
12.049104828140523
12.947613378359717
6.582429855646871
8.0904711446573092
11.78155937180567
13.031644235694024
6.9765130386239713
6.5461957099963763
6.5070314453885931
11.78155937180567
12.663657939057989
2.9729796370677488
3.5862457035135571
8.3451136726962059
13.800492072011631
5.4628907264515192
5.5539642774570472
7.2352522390936835
12.391554443004255
12.975691380065404
12.30693517593458
8.3825968529278754
8.4622212279012885
10.438779483012157
6.264923730388408
5.5539642774570472
5.9994892112326355
6.5330893688555509
6.6224113678859977
12.454074129602908
9.2880610640580059
5.850023086324776
6.3285245629256242
6.864251342737945
5.8707386087577911
6.0494442163849564
6.9922836261926271
4.8464201566231608
11.78908506722755
11.772207557833303
11.171801457873039
1.919285590735855
4.13197649380154
3.2221543717031027
6.4620506252667607
6.5276920232971776
6.4579891682940085
7.0505439498826057
12.741280407123854
11.753194198268428
10.870812760635681
10.221991612225857
13.197067260484738
4.5636567060785769
4.4233735720730678
5.3013996158472176
8.2449543240359606
10.123864949233178
10.870812760635681
9.8843386457085334
3.86559452239409
5.190940727379191
5.3013996158472176
1.7407024921752725
4.0540149523318281
10.464611735606097
4.4367703078279215
5.6050542638414864
6.0977318294199847
6.377713722879931
13.031644235694024
11.660743267190481
11.709488273633029
13.515009450421184
9.0534615573203645
6.7478100370416936
6.8491641761507074
5.5729362241440539
5.6423096004796163
13.532319182565512
6.0494058506323984
6.0494442163849564
11.908667825997707
12.363341673506733
7.4691753034558976
7.1815467237939528
8.9258994905800169
8.8520250969085641
8.9481694194699433
6.2081539863552306
5.4914508952660555
1.3365574316829727
2.1202746772252707
2.9652905774140601
1.3916039666519808
1.6024217469055475
3.5862457035135571
2.4257807108643403
3.7240071497481617
5.959235647696449
12.378843886027914
9.2433506120796718
7.0257745422194482
8.9904744358522048
8.7824339463331924
10.221991612225857
9.8843386457085334
8.9481694194699433
2.1465787447718019
6.9426454393043935
9.9722755298004504
10.211715648666694
5.8658378355272855
8.8867205528307096
4.425530381681769
1.5122371114720667
10.409458636352056
7.1956439687266114
5.9994892112326355
1.0836693382345752
2.2153645940172204
1.0908501589678172
3.5862457035135571
4.0540149523318281
2.4257807108643403
2.5524865892157274
11.292459352852871
11.835021625759762
11.171801457873039
6.4581637837249248
6.4150915550373728
2.3805768532612266
1.1473843485690778
3.86559452239409
3.9503650774746992
5.6103950336607689
4.1085529633213174
1.9042692426096781
2.5524865892157274
13.53038648551868
5.1046446330895705
3.5710982299703047
11.961606137733014
10.760421383570202
12.329963339369538
6.9195264467055289
7.982718350949364
6.5226071479127246
6.9765130386239713
5.183141515227808
7.2504381525900143
6.4934236988537339
10.71772509820525
9.0212957951731312
7.2005515910187077
6.8063118884734326
7.0718299322145546
5.0061733377241353
10.522777542007805
5.5246226589399789
10.577761448554519
11.218394897709276
7.7718990408897453
5.3432721207756959
9.0245697387330797
5.97055614207631
5.2163857225250396
7.8053899569165672
7.7222608540015116
6.4934236988537339
5.2592862736281063
6.6460421742431111
5.6742319557659595
11.180043450876889
10.2049236091816
9.135422686952662
8.8953569923217053
5.9714889085275908
10.869164825289126
10.052126476747597
6.6545851114513592
9.9813477805253932
6.481664898895815
5.7700770902344862
5.6334771862127822
8.8151278121011458
5.1357174006303969
10.067676478755125
5.626035571320279
11.244227150303216
6.3525516388411729
4.5036225644452808
13.158459300725033
6.6454532502244046
4.7299804921718183
4.8881683780184355
5.8842600477866895
13.109578754066657
5.962756929924927
5.2592862736281063
12.09808005967068
7.8612446972717169
8.0148676537908017
7.6438667574350641
7.2845800277568955
11.549469400970318
7.2416660399638797
6.9877694010523497
6.686843270301094
7.3258111246934945
7.3073074379942957
7.7420635475862261
12.68825251277131
12.688283240694826
1.6151054698198317
1.6151054698198317
1.824089151043673
3.2834230216093121
0.9733211631772769
1.4867775391572968
13.759945488506723
3.5862457035135571
1.5257782946991638
3.3566674798882943
1.1831273598099583
3.5082841620438452
0.58834772504083155
1.6151054698198317
3.5082841620438452
1.8577264712861594
2.6549457801971843
1.233648366002152
2.3115736864950525
1.1855714218928608
1.3823185503380171
4.0472297097322718
0.97769948669545081
2.4926880038516477
1.2770006266144855
12.09808005967068
11.523099472410033
11.460030782147532
12.741221552430133
3.7421687864529805
2.469134885947371
1.8859125985654239
8.3204936493254067
7.2374789008899389
8.2040219812425121
7.3127047835526691
6.6503540234549092
7.2376045829911275
7.2377791984220439
6.6460421742431111
7.2845800277568955
6.6326318782352001
12.986775266641756
13.171169857701374
6.629638501021895
5.6742319557659595
6.738851062393568
1.6151054698198317
4.3658611182106757
1.6151054698198317
11.523099472410033
12.817573186156199
12.283467191465899
12.341641547283849
11.54003679826732
9.7055149052771359
9.7700898505493239
10.71772509820525
11.180043450876889
12.317424770178532
12.568700481924669
12.072074767549989
2.0661302945306224
7.3523096319457597
8.2487907181530158
7.699141861402647
1.824089151043673
3.1386582371930212
6.686843270301094
7.9041931948390181
7.0445391450855261
11.189074051049175
12.973284102236784
12.566446955407775
7.685709064155839
7.4020267825831167
7.5274254517388117
6.8290212653295175
3.2834230216093121
10.2049236091816
8.3204936493254067
6.390010448357887
10.991837558826203
13.670227758753386
9.0212957951731312
8.432991543390937
3.3692886982167507
9.135422686952662
13.2082263040874
0.9733211631772769
2.5625956274089718
3.3444133632329098
1.8659435309022903
1.6762874055028822
2.559866303023318
1.8969394106705708
3.4010144273734282
8.8953569923217053
12.317424770178532
13.811259650391143
13.727658299918865
12.817132678057318
8.7623337656464813
7.7420635475862261
7.2866468600857113
11.460030782147532
5.9714889085275908
1.4867775391572968
2.6428965781347764
0.88869655613403498
2.6428965781347764
13.166468466775884
3.7421687864529805
2.1932795461220596
5.9519149200521344
6.8773472441171037
10.869164825289126
13.759945488506723
10.052126476747597
9.6663359675278286
12.82872024283764
6.6326318782352001
5.9183040135236986
7.1081399776227423
12.817573186156199
12.340514827879009
3.5862457035135571
2.3206180536450378
12.283467191465899
12.323863254746724
13.670227758753386
8.432991543390937
13.727658299918865
13.62097368539996
8.5510569350708074
13.727228793056835
9.1247290873933249
9.1622122676249944
6.6545851114513592
7.8612446972717169
10.991837558826203
8.2448199929224835
10.991331063363813
9.9813477805253932
13.233689544300027
10.022966026776791
12.341641547283849
12.973284102236784
12.340514827879009
12.323863254746724
12.4403586818876
13.443273353755108
13.520895821820972
12.55182297253042
12.614637040456879
1.5257782946991638
4.190427043281729
13.2082263040874
12.596514898807429
9.2418366425984075
9.8330769720174835
13.359835056801687
6.481664898895815
7.3523096319457597
7.9611621384910718
7.3022225626098436
1.4865189662993554
2.3397076225184832
12.68825251277131
12.532809612965547
13.14295708820385
3.0445871316453417
1.3650721968483501
13.62097368539996
7.3620452703439891
2.5625956274089718
4.9115919084986581
7.2005515910187077
7.2374789008899389
9.6316405116056831
9.5620493610303114
5.7700770902344862
5.9183040135236986
6.4219250151767353
6.8063118884734326
5.202988986770186
7.0718299322145546
7.8301593645797247
7.1947069697344919
11.423614618469637
12.418915729009292
5.0061733377241353
6.2425061411486373
3.3566674798882943
1.0970468862943958
7.9041931948390181
7.9752593834237304
10.522777542007805
10.903480363930296
10.751890944497568
8.2040219812425121
11.423614618469637
11.549469400970318
13.755306794762522
1.1831273598099583
3.3444133632329098
4.190427043281729
12.566446955407775
12.596514898807429
12.489103688330149
8.5510569350708074
13.359835056801687
8.8700865593544282
5.6334771862127822
8.0300535672871334
1.8659435309022903
3.006536945674497
6.2710663099631736
7.685709064155839
8.2448199929224835
7.6287795908478255
5.5246226589399789
5.9519149200521344
6.3846696785386055
7.15732913757705
3.5082841620438452
2.6428965781347764
8.8151278121011458
12.418915729009292
10.577761448554519
5.1357174006303969
12.986775266641756
13.086550590631699
0.58834772504083155
2.469134885947371
2.0661302945306224
3.3692886982167507
1.6762874055028822
0.88869655613403498
2.3206180536450378
1.4865189662993554
3.0445871316453417
1.0970468862943958
3.006536945674497
4.0017697864002209
1.5935418063869793
3.7421687864529805
2.3206180536450378
2.8998900919223898
1.0590317950496864
1.1125951118056088
0.90966482161466622
0.91331475893978509
2.3013571080100736
13.811259650391143
12.817132678057318
13.166468466775884
12.82872024283764
13.727228793056835
7.3620452703439891
8.8700865593544282
12.561174786502788
13.811259650391143
7.7561284533210895
7.3258111246934945
7.2866468600857113
12.561174786502788
13.443273353755108
1.6151054698198317
3.4672871229356832
9.1247290873933249
6.2425061411486373
6.3335796921541654
8.0148676537908017
13.171169857701374
13.755306794762522
13.086550590631699
9.1622122676249944
9.2418366425984075
11.218394897709276
7.0445391450855261
6.3335796921541654
6.7791046259297536
7.3127047835526691
7.4020267825831167
13.233689544300027
10.067676478755125
6.629638501021895
7.1081399776227423
7.6438667574350641
6.6503540234549092
6.8290596310820746
7.7718990408897453
5.626035571320279
12.568700481924669
12.55182297253042
11.951416872570158
2.559866303023318
4.9115919084986581
4.0017697864002209
7.2416660399638797
7.3073074379942957
7.2376045829911275
7.8301593645797247
13.520895821820972
12.532809612965547
11.650428175332801
11.001607026922976
3.5082841620438452
2.6428965781347764
1.8577264712861594
5.3432721207756959
5.202988986770186
6.0810150305443367
9.0245697387330797
10.903480363930296
11.650428175332801
10.663954060405652
2.6549457801971843
1.5935418063869793
3.7375436476226875
5.97055614207631
6.0810150305443367
1.233648366002152
3.1386582371930212
1.9345003545888557
11.244227150303216
5.2163857225250396
6.3846696785386055
6.8773472441171037
7.15732913757705
13.811259650391143
12.4403586818876
12.489103688330149
9.8330769720174835
7.5274254517388117
7.6287795908478255
6.3525516388411729
6.4219250151767353
3.7421687864529805
2.1932795461220596
6.8290212653295175
6.8290596310820746
12.688283240694826
13.14295708820385
2.3206180536450378
8.2487907181530158
7.9611621384910718
9.7055149052771359
9.6316405116056831
9.7277848341670623
6.9877694010523497
6.2710663099631736
1.8969394106705708
2.8998900919223898
2.3115736864950525
2.3397076225184832
1.0590317950496864
1.1855714218928608
4.3658611182106757
2.9493320489130999
4.5036225644452808
6.738851062393568
13.158459300725033
10.022966026776791
7.8053899569165672
9.7700898505493239
9.5620493610303114
11.001607026922976
10.663954060405652
9.7277848341670623
1.3823185503380171
3.6104218007395286
7.7222608540015116
10.751890944497568
10.991331063363813
6.6454532502244046
9.6663359675278286
4.0472297097322718
1.1125951118056088
11.189074051049175
7.9752593834237304
6.7791046259297536
0.97769948669545081
1.8859125985654239
2.1932795461220596
1.3650721968483501
0.90966482161466622
3.4672871229356832
1.9345003545888557
2.1932795461220596
2.9493320489130999
3.6104218007395286
2.5142356393000656
1.9210629062880844
12.072074767549989
12.614637040456879
11.951416872570158
7.2377791984220439
7.1947069697344919
2.4926880038516477
0.91331475893978509
3.7375436476226875
4.7299804921718183
6.390010448357887
4.8881683780184355
1.2770006266144855
2.5142356393000656
2.3013571080100736
1.9210629062880844
5.8842600477866895
3.4010144273734282
12.741221552430133
11.54003679826732
13.109578754066657
7.699141861402647
8.7623337656464813
7.3022225626098436
7.7561284533210895
5.962756929924927
8.0300535672871334
