12.282486453599505
10.884981060627789
12.252862577086754
8.828190950799609
12.40358247187821
5.6134439092210409
5.2689014626681523
5.7175546067546472
12.933208699133603
3.8493753378118458
5.4992901854184471
3.9037488632928836
13.74388433420868
3.4650658337332243
12.244787876905152
12.316742381844833
5.5269201994395845
12.450502738404561
9.7367032754390994
12.956505326494673
4.9401630469824509
12.5158670494063
10.445792478813839
13.437599136355463
6.4104703782558028
5.4067996422873188
10.374971292118067
4.8501719799353964
4.6027064547104048
12.450502738404561
3.9690492267907298
4.4146676035603463
12.409790708450451
7.0439104408909614
3.9814452647092664
3.6838805411548505
6.7577368529860946
12.405867290131317
6.9327137791569031
4.057411623662718
4.6518169372530895
3.9746425326698738
5.060643620509639
5.0052907929285917
3.6213157230917203
12.262872004723661
4.2237541189613319
9.3649668517283189
3.6867771231820425
4.0838893296550873
4.8265099569248129
10.307091009330835
13.548719934479319
9.8259778926506858
12.914988142943578
12.354867481225345
3.8866543070315891
13.380936737885586
4.7855572315328274
13.210458780747354
3.8214977946869344
13.67592692725027
11.595211424179555
13.37950019456208
4.0682853435657149
5.7956951565109662
3.0225840703021474
2.8888805340938299
3.5646791666649542
4.1527385405721233
6.1025231225149152
5.2826107904738135
4.1384835044678594
8.0978865895606642
13.520107997970106
6.0497720270718149
12.632091454183897
12.673159862132453
11.567197448186235
3.8277876315465771
11.570028140397628
5.169677991525905
4.0607822417170762
4.5944471745031059
9.2725653951257012
12.788141440570099
3.0247147022394509
5.84640084946997
11.585824463614154
3.2348458018241382
2.6213794544482938
13.470369443805621
13.174487886965251
3.1098831127259037
2.8116124431105156
3.2185709326428364
3.8803525898508151
3.7044139494128947
5.7956951565109662
3.7645357757498425
9.5412644525006503
13.506659512017018
8.1463306845571246
10.690232926919883
4.3792628416572157
4.3454397530371018
4.3675111163545282
4.3665983792303402
7.5283001211824798
3.9875906493490847
4.7338071497643313
5.2009901551726676
5.0196014695116427
3.8334523002044687
3.8156834083631348
4.6511188288085981
4.950280122570895
4.8411731636939228
7.4399753864738196
6.9839408807417529
7.7314070015532854
8.4217439177896125
8.498753469193522
8.4263440296176881
9.528250474323988
8.4596473844288251
7.3852419322483058
7.2063081586580813
8.7658511409534619
11.812014085160621
3.8214977946869344
7.7314070015532854
8.0214484157450379
13.67592692725027
3.6225135721860142
5.2957161822168377
8.1172531941467945
9.2670757472158929
11.259974166360953
11.198443479805846
6.750276780898977
10.590008216897008
10.507538836984924
5.1276114631715775
9.4646593212480834
5.3512984915170758
5.2546386377376448
13.188941519045457
8.5511507031276999
5.6012416973557384
5.7184390187875467
6.582937790105488
8.1159958641815315
13.702779981226543
6.2473981942617458
5.5865904271641345
12.282486453599505
8.1463306845571246
4.3116685365400693
4.2235525640094131
9.3676305910023068
4.1804239488267667
4.2220873060393131
8.1961168564717077
4.8508086068370924
4.19046345097202
6.1596014069512197
12.783658154162509
5.7079121385133886
4.2358441841021079
5.3522558318733378
6.5316705582064936
13.01914959473007
5.5693615008230246
10.924287581761902
4.8894260859487266
13.061769300888292
13.015160014209687
10.953808281333494
4.3664933682771903
6.7499261250768061
5.644126126355701
6.5583444897386993
11.595211424179555
10.884981060627789
5.6413866872728544
12.252862577086754
8.828190950799609
9.384282115288352
10.091197336706831
8.8282118114210153
8.4718145653830756
5.2795436951170673
6.1930791657528301
5.869277689946613
9.799973501139398
6.1596014069512197
5.9229264696558559
5.9823968458857051
5.5677893293598046
6.8912357521001804
12.40358247187821
4.950280122570895
5.0795169528706419
8.7083116381786319
4.4915911386955907
8.3439371132010791
4.754039612601721
4.9118592657625664
3.2678107484463843
3.0321634474028243
4.5217842011500995
3.1203728509380824
5.0215113789965722
5.6134439092210409
5.2645363487246648
4.8887281257149038
4.9210486516491185
4.8104138534022534
6.3862176377964603
4.9860063337324982
11.825465369578314
11.719291610826735
9.3893316522767467
9.4674605280038335
13.37950019456208
6.2421933275859445
6.6902024089544918
4.0682853435657149
8.0214484157450379
9.9011305625602173
3.6225135721860142
4.9118592657625664
2.8637478690265872
12.783658154162509
8.4217439177896125
9.384282115288352
10.690232926919883
10.433513390488333
5.7956951565109662
9.9011305625602173
5.2689014626681523
5.3170990376379414
11.479688117090893
10.727094689345616
4.3792628416572157
4.3116685365400693
8.0650754045085797
8.8116731509510107
9.7998836050969516
9.4872506053522176
3.0225840703021474
5.7175546067546472
5.2795436951170673
12.933208699133603
5.2957161822168377
5.8661583293728956
7.4369173424286652
7.8797096756016778
7.6738357893740226
7.5959665032630719
2.8888805340938299
4.0344912096324448
5.7791528767821418
3.8493753378118458
5.9953284187547471
5.7079121385133886
5.9953284187547471
5.4992901854184471
4.2358441841021079
7.5879711205167588
4.5894655492339229
4.3072222880514017
4.4261265030660617
3.2678107484463843
2.8637478690265872
3.2209773122265326
3.2914840351415764
10.417329683211495
4.4947649118148609
5.6987015183973737
3.6445544242518748
4.4209320012620763
2.8515987479102614
3.7735660580430408
11.207364488998872
3.854711331146182
5.0584982471145103
5.6814401718265737
5.677073068955691
3.3847437322928475
3.9037488632928836
7.8195914676074851
6.2473981942617458
5.7819191630122742
13.006171621085304
5.810650702476754
6.9052993443284514
8.7484242393901877
6.1336043203049924
12.950180790653983
6.4270048113115976
6.0920201802469416
8.8523306064889287
5.941781793230164
12.737770825376675
5.443165478546244
5.4786471814860924
8.1172531941467945
4.1346465697105605
2.8446020509647867
6.2421933275859445
5.7819191630122742
8.6704626979204757
13.708009695958467
7.0687561299922281
7.2567654232225776
8.50262081533889
6.7539021108649013
13.74388433420868
10.509675420774659
3.5646791666649542
6.1930791657528301
5.3522558318733378
7.5879711205167588
3.9875906493490847
4.1346465697105605
4.4757010945496454
4.1701356500127229
8.2980201117178787
3.8522122204609879
5.5546172264867018
6.828931653325669
6.2702219205250724
5.5637722945200334
5.5638168397268206
4.9903685698801041
10.656274577754743
10.661229349849545
4.1527385405721233
5.1433163555396177
7.5478165521110991
6.5017874496598784
9.0177154587803656
4.3073929480813149
5.4668949105755127
5.7691688646654891
5.4668949105755127
6.5281007323612865
3.8610052643560833
7.0730948460449259
3.5430905494918608
4.6199697990801667
8.2746490357447069
3.4210301142343864
3.2599562825669168
7.1535201478000587
5.2769447333049495
12.973843637583718
5.856049577871338
3.847524455738891
8.3390991201476989
7.6877352348829797
5.8867916577524735
3.2810116505157314
6.1025231225149152
3.7292555724412746
7.2066203115592247
9.2670757472158929
5.4983899085804735
4.7827458596083829
2.8446020509647867
4.4757010945496454
3.6139580729514424
5.0670369067066474
12.47481246806149
10.383031634736653
3.3068047738887665
3.4124709017476071
2.6859511285477735
3.541586071381515
10.577364228294964
3.0584565642978196
7.1886051826082449
4.6786623561816345
4.4792371819804968
6.7537328850892111
4.1189432023941732
9.2389587247673646
12.379012994684468
4.4235943851214525
4.5583547009875511
6.7499261250768061
6.792062105031869
6.7148612035588835
6.7499936956945543
5.3147513243275037
6.244761024949554
4.1701356500127229
7.3409894736767338
5.6393603705268482
6.3924312283182871
10.83479710973773
11.475812872544866
3.4650658337332243
7.3787834193415653
9.563789683151299
12.244787876905152
11.259974166360953
5.2645363487246648
5.8724041323517548
5.2826107904738135
5.1433163555396177
4.2235525640094131
4.7053678310813005
11.198443479805846
5.9229264696558559
6.5819525785175763
8.0755177617585296
8.0755177617585296
7.4496532879299711
12.316742381844833
3.9420664129707914
3.9976030202737292
5.5865904271641345
13.006171621085304
6.175155143247026
5.6364791664842704
8.6624276849679482
6.684680665601082
5.2147476114919842
6.750276780898977
3.2209773122265326
9.1138720559769837
10.590008216897008
5.810650702476754
8.6594182757758809
12.024739966217558
10.507538836984924
8.7890553197324106
6.9052993443284514
8.6704626979204757
4.1384835044678594
7.4369173424286652
8.498753469193522
10.091197336706831
5.0447746290057704
4.636844152287388
4.6639568423732491
4.0453335262341108
3.6139580729514424
6.3490417408083806
8.0978865895606642
3.2512800677676497
5.3170990376379414
4.7101698772414942
10.002815160878878
3.8610052643560833
3.9733387156549558
4.8011330200306324
8.2980201117178787
5.0670369067066474
5.5269201994395845
9.0317944398161671
7.6738357893740226
7.1825267230158607
13.520107997970106
13.27396158585449
12.450502738404561
8.7484242393901877
7.3620216284194218
9.7367032754390994
13.30477735271635
6.0497720270718149
6.1336043203049924
9.1025690215632995
9.8011171984030785
11.866265531534316
3.2914840351415764
5.4983899085804735
9.1853646677982006
11.182586739949356
9.8788538128001093
12.950180790653983
8.6594182757758809
8.5822577502243362
5.443165478546244
7.5478165521110991
4.6120948737076031
6.498916487314748
4.7263882734874114
9.3893316522767467
10.417329683211495
7.0730948460449259
12.632091454183897
6.175155143247026
5.8156936582973451
6.4901939985012689
6.0715165164682183
3.6531239508320623
12.956505326494673
13.27396158585449
10.430750233292292
5.7826605799522444
5.7184214031550571
5.1276114631715775
4.6120948737076031
6.4455133739506323
4.7115008334937611
5.9823968458857051
6.6902024089544918
6.4270048113115976
13.708009695958467
10.357586850648419
5.4679047435145236
8.3182052664269595
5.8838688455772372
12.673159862132453
9.4646593212480834
9.4509648715098109
6.5316705582064936
6.5819525785175763
8.1859766502265572
7.9767978851244168
8.2639381916962691
4.4915911386955907
4.5646033333906439
2.710105210695537
3.8675591784341004
2.3490365987476105
2.2097332021114604
6.7239334399548447
11.567197448186235
7.1886051826082449
10.002815160878878
8.6891718958371644
4.4965864762833245
4.6999187495219505
12.775223657507446
12.775223657507446
5.3147513243275037
4.6792649972764542
7.8797096756016778
7.8299305092437255
5.6364791664842704
9.0317944398161671
5.8156936582973451
6.9421786495593905
6.1291609546017627
5.6578400081600302
3.5430905494918608
4.077779391067077
7.4399753864738196
6.792062105031869
4.7338071497643313
13.01914959473007
4.6434928750801516
12.47481246806149
4.6335439639948692
9.3676305910023068
8.0650754045085797
10.509675420774659
3.8277876315465771
6.956535012354462
11.570028140397628
4.6199697990801667
4.968941895274833
4.6344620985510572
4.1804239488267667
10.446861352848201
4.6341149738807044
7.3828132518505019
6.4651234870745773
4.9401630469824509
4.8887281257149038
4.4947649118148609
8.2746490357447069
11.991605359676353
5.0541777436224242
3.0321634474028243
10.383031634736653
2.6792727026602643
10.353292716760343
2.7724701358897681
9.8632044048358125
3.3094879060125457
2.7535280222936342
4.1725428646705849
5.169677991525905
9.4509648715098109
4.0607822417170762
8.6891718958371644
7.0687561299922281
4.5944471745031059
3.7292555724412746
2.710105210695537
3.9054381595675891
4.9030569229730574
3.5720444362952564
5.4812652234273624
3.6912832409992116
12.5158670494063
4.0344912096324448
4.4965864762833245
4.9021661380835884
10.445792478813839
4.2220873060393131
4.7080752534825665
3.3068047738887665
2.6792727026602643
4.6786623561816345
4.9784127105953706
13.437599136355463
6.4104703782558028
4.9210486516491185
7.8989427834585122
5.3512984915170758
5.8724041323517548
10.430750233292292
6.0920201802469416
9.1025690215632995
8.1961168564717077
10.446861352848201
6.498916487314748
5.4067996422873188
5.644126126355701
4.5894655492339229
3.9344549294564071
4.7336630835130613
10.374971292118067
3.9054381595675891
3.7129096483859394
11.812014085160621
5.2546386377376448
5.8661583293728956
5.7826605799522444
7.8020886717695292
5.5693615008230246
13.30477735271635
5.1129698293788701
4.8501719799353964
10.433513390488333
8.4263440296176881
6.244761024949554
6.1703526724210116
7.5085210440463301
13.188941519045457
9.2725653951257012
10.197675997117948
10.48098773823143
4.6027064547104048
6.5583444897386993
7.206601155348042
12.788141440570099
8.0755177617585296
8.8750870126284465
3.4210301142343864
4.4792371819804968
12.024739966217558
9.2478121250863978
11.727100556804045
11.947557331108065
12.735052138604473
3.9049455115211371
4.2968117160721215
3.8546944048532885
5.3127237018885225
11.31914909447053
3.3050865307142407
7.7602465457237759
4.9030569229730574
3.2512800677676497
4.4665695600759241
3.6531223070055452
12.450502738404561
7.1825267230158607
7.8299305092437255
7.1826941906878892
3.9690492267907298
4.4146676035603463
8.3167687044356988
6.4455133739506323
8.5318552697888066
10.353292716760343
12.409790708450451
8.3439371132010791
8.4223242602434514
3.0247147022394509
4.6792649972764542
5.84640084946997
7.0439104408909614
11.805421380332415
8.8116731509510107
6.7537328850892111
9.2478121250863978
10.197675997117948
10.066519370702203
8.3061568832468762
10.197739491579085
4.3454397530371018
4.8508086068370924
6.9421786495593905
6.7797971966267081
8.0300535672871334
3.9814452647092664
4.1189432023941732
11.727100556804045
12.054967709592946
4.9186914380884765
12.783471550257252
3.6848594992377244
3.7183822610713619
11.479688117090893
5.6987015183973737
8.7890553197324106
11.866265531534316
8.8750870126284465
10.336492653186932
3.8522122204609879
3.4124709017476071
4.3675111163545282
9.1853646677982006
9.824048217433349
4.19046345097202
7.3787834193415653
4.6341149738807044
4.7080752534825665
4.576113776512126
8.6100956564484932
4.4665695600759241
4.5345711691376902
8.6624276849679482
6.4901939985012689
6.9839408807417529
7.5959665032630719
8.344345385948829
8.5526267112574921
9.5278358109736025
7.4246216327710854
7.2567654232225776
10.357586850648419
4.8411731636939228
4.7115008334937611
3.6838805411548505
4.9057209804168291
11.585824463614154
7.3409894736767338
7.3828132518505019
5.2009901551726676
5.6393603705268482
7.7155501474491617
11.947557331108065
6.7577368529860946
10.924287581761902
4.3072222880514017
5.0447746290057704
3.9344549294564071
3.5861349937295302
3.5410466275389401
3.4075319947836453
3.5738916913284751
5.0694929320293829
5.5546172264867018
6.4651234870745773
6.854496400344396
2.6859511285477735
2.7724701358897681
4.1543552029525683
6.5017874496598784
12.405867290131317
5.0795169528706419
5.3862073001819235
6.9327137791569031
4.057411623662718
5.1129698293788701
4.6518169372530895
8.7083116381786319
6.828931653325669
3.541586071381515
13.081441799415257
4.5217842011500995
4.584598269076559
10.066519370702203
9.5278358109736025
3.2348458018241382
5.869277689946613
9.9011305625602173
6.3096948042803689
6.2702219205250724
10.577364228294964
6.3490417408083806
8.0755177617585296
8.1859766502265572
8.8523306064889287
6.684680665601082
11.182586739949356
9.824048217433349
3.6445544242518748
3.6439527873433306
7.9767978851244168
9.2389587247673646
12.735052138604473
3.9746425326698738
7.8195914676074851
6.1291609546017627
9.0998821516180595
6.7239334399548447
6.801898319523775
5.060643620509639
4.8104138534022534
10.336492653186932
9.563789683151299
4.7053678310813005
3.6531239508320623
3.6531223070055452
8.3061568832468762
4.576113776512126
4.5345711691376902
7.4246216327710854
5.5637722945200334
5.0052907929285917
2.6213794544482938
3.6873009220984483
13.470369443805621
3.6213157230917203
5.3862073001819235
12.262872004723661
4.2237541189613319
6.7797971966267081
8.4540049750746142
8.2963540166572614
10.325081970347698
4.9784127105953706
3.6873009220984483
6.956535012354462
6.801898319523775
4.4209320012620763
3.2599562825669168
4.3665983792303402
8.3167687044356988
4.4765427233561939
8.6100956564484932
12.054967709592946
12.379012994684468
4.9186914380884765
5.4657428012314258
2.8515987479102614
4.7827458596083829
4.5997457426198114
9.3649668517283189
8.8282118114210153
9.7998836050969516
9.8011171984030785
9.8788538128001093
3.7735660580430408
7.1535201478000587
3.9420664129707914
4.077779391067077
7.7602465457237759
3.6439527873433306
4.0251204644856751
3.7831937535386491
7.3852419322483058
6.3862176377964603
6.7156721786463986
8.341899733165981
3.6867771231820425
8.5511507031276999
8.344345385948829
4.9860063337324982
7.8989427834585122
4.0838893296550873
5.2769447333049495
3.9976030202737292
4.0251204644856751
3.9068992747748852
9.0998821516180595
8.50262081533889
8.5822577502243362
6.1703526724210116
4.4685285189873829
4.8894260859487266
4.636844152287388
9.8632044048358125
3.5861349937295302
4.4685285189873829
4.4359228725543964
3.8880187083181235
10.530609989921896
3.1371784106944625
3.0914607801903524
3.8096466590915017
11.207364488998872
12.973843637583718
4.968941895274833
3.9049455115211371
4.8802450319519792
5.856049577871338
11.991605359676353
4.8265099569248129
8.5318552697888066
5.941781793230164
5.2147476114919842
7.3620216284194218
9.4872506053522176
9.6412274081856175
10.48098773823143
10.197739491579085
7.5283001211824798
9.6412274081856175
10.307091009330835
9.528250474323988
9.0177154587803656
5.2452001219350386
5.0196014695116427
3.5720444362952564
3.7129096483859394
3.9876421093760803
5.6012416973557384
7.256158325821235
3.8334523002044687
5.4812652234273624
6.8336742420177572
3.8156834083631348
3.9876421093760803
13.548719934479319
4.6639568423732491
4.4359228725543964
5.5638168397268206
6.854496400344396
7.5582648072459317
9.8259778926506858
10.325081970347698
9.5275623632279718
4.5646033333906439
4.4765427233561939
3.847524455738891
5.0541777436224242
3.854711331146182
3.7831937535386491
5.4786471814860924
4.3073929480813149
4.7263882734874114
5.2452001219350386
4.9080789134471656
13.061769300888292
7.2063081586580813
5.7184390187875467
11.825465369578314
6.7156721786463986
7.256158325821235
4.9903685698801041
7.5582648072459317
7.4496532879299711
8.2639381916962691
12.914988142943578
4.754039612601721
11.805421380332415
4.8426310539150537
10.656274577754743
3.5410466275389401
3.8880187083181235
4.9021661380835884
13.174487886965251
6.3924312283182871
7.7155501474491617
12.006764974050913
12.749208907684929
13.73946274951197
5.5677893293598046
5.4679047435145236
13.015160014209687
10.953808281333494
3.1098831127259037
2.6812010507914072
3.5082841620438452
4.0453335262341108
3.4075319947836453
8.0083411161124864
3.8675591784341004
3.6912832409992116
12.737770825376675
5.4668949105755127
4.3664933682771903
4.6434928750801516
8.0300535672871334
8.4540049750746142
2.8116124431105156
2.3490365987476105
2.9663017822693662
3.5738916913284751
8.0083411161124864
3.2185709326428364
4.7101698772414942
3.8803525898508151
6.7539021108649013
8.3182052664269595
3.7044139494128947
2.2097332021114604
2.6812010507914072
2.9570666281194051
10.530609989921896
3.3094879060125457
3.1371784106944625
5.0694929320293829
6.8912357521001804
5.8838688455772372
5.7956951565109662
9.9011305625602173
3.7645357757498425
5.7791528767821418
7.1826941906878892
9.799973501139398
6.3096948042803689
4.4235943851214525
4.6999187495219505
3.1203728509380824
4.584598269076559
3.0914607801903524
4.5583547009875511
5.4657428012314258
2.7535280222936342
4.1543552029525683
7.5085210440463301
12.775223657507446
8.4596473844288251
8.4718145653830756
12.775223657507446
4.6335439639948692
4.1725428646705849
12.006764974050913
12.783471550257252
4.2968117160721215
3.6848594992377244
3.8546944048532885
3.7183822610713619
5.7691688646654891
4.9080789134471656
3.0584565642978196
13.081441799415257
8.3390991201476989
5.3127237018885225
4.6511188288085981
6.8336742420177572
11.31914909447053
4.6344620985510572
4.8802450319519792
12.354867481225345
3.9733387156549558
3.3050865307142407
4.8790945615003443
10.661229349849545
7.6877352348829797
9.4674605280038335
5.8867916577524735
10.83479710973773
12.749208907684929
6.7148612035588835
5.0584982471145103
8.5526267112574921
3.2810116505157314
3.9068992747748852
6.7499936956945543
7.206601155348042
6.582937790105488
8.7658511409534619
8.341899733165981
5.6814401718265737
9.1138720559769837
7.2066203115592247
11.475812872544866
13.73946274951197
8.1159958641815315
11.719291610826735
3.8866543070315891
8.2963540166572614
10.727094689345616
5.677073068955691
4.8790945615003443
3.8096466590915017
5.0215113789965722
3.3847437322928475
4.5997457426198114
13.702779981226543
7.8020886717695292
9.5275623632279718
5.6413866872728544
5.7184214031550571
5.4668949105755127
13.380936737885586
4.9057209804168291
4.8426310539150537
6.0715165164682183
5.6578400081600302
2.9663017822693662
4.7855572315328274
8.4223242602434514
3.5082841620438452
2.9570666281194051
4.8011330200306324
13.210458780747354
4.4261265030660617
4.7336630835130613
9.5412644525006503
6.5281007323612865
13.506659512017018
12.834019597370586
10.777229487542405
6.515520249859164
7.2179399994109481
7.666593143497443
2.8461144228025468
7.2031901438277242
5.0767436418592817
4.2204379616649259
7.2357878620061031
11.566159608560492
2.4474677419901316
2.5357767035229735
3.6030075929117769
8.3595089149985995
7.3558381790301146
12.205059042364761
4.4528907666634074
4.4283506052102402
4.18922044682086
5.9707432247058723
8.8419853434139704
5.2649566682088302
4.1309678991677385
8.5405781689093683
8.724373819217174
4.458435548797067
6.2577943084412384
3.4294924547291168
2.8925728485455569
4.4633823908511889
4.6774465868416044
5.7417829528794035
11.314005388471116
4.1917184380008186
4.3336851081739161
6.3917843386165822
12.13604310022192
11.775016429393482
2.9187341305666856
3.4187474346767002
6.3689917373657927
5.458334957460389
13.488951635924996
4.0866645173135119
5.4531182551280954
4.3159114483992118
4.1296166325153978
5.0245259575736174
6.1017770773149191
8.0515616592577111
7.2316493272166102
5.8982141381402489
10.04692512630346
7.9062059907855105
13.461573162722411
4.3453368122351446
13.464534100451123
7.0078591687017413
5.7996651368180734
6.5434857112459017
11.221603931868499
3.9787694667902764
7.6927919513280623
13.480291540867833
3.8991570020661768
3.5903159418915336
4.4575125178795085
4.4343149730358524
4.4697478517151144
5.5031010289490183
5.6534524861556914
7.6393993684278287
4.9794494809171583
5.647387344935332
11.490302989243446
10.095369221299922
12.639271463662679
6.3283013784000124
6.2944782897798977
6.316549653097324
3.9148460412487807
9.4773386579252765
5.9366291860918814
5.9748928997639457
7.1500286919154634
6.9686400062544394
5.7824908369472645
5.7647219451059311
6.6001573655513948
6.8993186593136899
6.7902117004367186
9.3890139232166163
8.9329794174845496
9.1934340501725416
10.370782454532408
10.44779200593632
10.375382566360484
11.477289011066784
10.408685921171621
9.3342804689911034
7.6553811828559626
10.714889677696258
13.761052621903419
5.458334957460389
9.1934340501725416
5.6275425824126977
4.0477123640288539
4.7787379300930413
9.6267897098912076
4.331652202333883
12.971181245645182
12.896548424181407
4.0411803793029728
12.288077814694121
12.456577373727722
4.7183340805284262
11.413697857990881
2.7291055842968972
4.7724982557635069
4.6216466129190179
3.9928894374403643
2.8669362258693587
7.4447320483399739
9.6259896731269876
2.7397037116704936
2.6754424966517263
10.095369221299922
6.260707073282866
6.1725911007522098
11.316669127745103
6.1294624855695634
6.1711258427821098
10.145155393214504
6.7998471435798891
6.1395019877148167
3.266943142765284
3.8744873019217625
4.4755793929775622
6.6373002166787094
8.4807090949492903
7.5184000375658204
12.688062287260284
2.7139653775941981
12.71613908182025
2.6869188176394028
8.6989646618196019
7.5931646630984977
8.5073830264814951
13.488951635924996
12.834019597370586
7.5904252240156502
10.777229487542405
11.333320652031148
12.040235873449626
10.777250348163811
10.420853102125871
7.228582231859864
8.1421177024956268
6.4905482670214552
11.749012037882194
3.266943142765284
3.2529834834009606
6.8053536660449696
2.6191909369675939
3.2158902460678593
6.8993186593136899
7.0285554896134377
10.657350174921428
3.2270335687346385
10.292975649943877
3.7065858570216039
6.8608978025053622
4.0925593450879729
4.9812019841456205
6.4708227378928962
4.5149691649802177
6.970549915739368
6.515520249859164
2.8245244184582341
2.4841506090764445
4.5929880645322667
3.1448052157480508
2.4851066585600288
4.2698868697866894
4.6353413655531206
13.605851208080898
13.668330147569531
11.338370189019543
11.416499064746631
6.7547596553009202
8.6392409456972885
4.0866645173135119
5.6275425824126977
11.850169099303013
4.0477123640288539
6.8608978025053622
2.8824029814100474
10.370782454532408
11.333320652031148
12.639271463662679
12.382551927231129
5.4531182551280954
5.4848519602539243
7.2179399994109481
7.2661375743807373
13.42872665383369
12.676133226088414
6.3283013784000124
6.260707073282866
10.014113941251376
10.760711687693808
11.748922141839747
11.436289142095013
4.3159114483992118
7.666593143497443
7.228582231859864
4.3507136446674233
4.7787379300930413
7.8151968661156923
9.3859558791714619
9.8287482123444736
9.6228743261168184
9.5450050400058686
4.1296166325153978
5.9835297463752415
7.7281914135249377
2.8461144228025468
3.5172066007348777
3.8744873019217625
3.5172066007348777
7.2031901438277242
4.4755793929775622
9.5370096572595546
6.5385040859767187
6.2562608247941984
6.3751650398088584
4.0925593450879729
2.8824029814100474
4.3507136446674233
4.6117799157157311
3.0824423463560109
12.366368219954291
6.4438034485576567
7.3812037953795722
3.7991402325656187
4.5301275069514322
3.684207107419621
3.8680582499048661
3.1396033067798772
13.044541172735508
5.8037498678889783
6.7313918187965172
3.6893740863711688
7.3734564471325452
4.1368791187900955
5.0767436418592817
9.7686300043502818
2.7397037116704936
3.4908643134481654
3.4924764153994672
3.5111483427288475
10.697462776132985
3.5011961461117611
3.4767020027152622
3.4985482382975923
10.801369143231724
7.8908203299729598
7.3922040152890407
7.4276857182288891
9.6267897098912076
6.0836851064533564
4.7936405877075838
6.7547596553009202
3.4908643134481654
9.3807176217639761
7.9011848567895662
2.4419906332628649
3.354239260893237
6.8983130253475196
5.2234380743775057
5.2862521423039652
12.458713957517455
5.0245259575736174
8.1421177024956268
6.6373002166787094
9.5370096572595546
5.9366291860918814
6.0836851064533564
6.4247396312924412
6.1191741867555196
10.247058648460674
5.8012507572037837
7.5036557632294985
8.7779701900684657
8.2192604572678682
7.5128108312628292
7.5128553764696173
6.9394071066229008
12.605313114497541
12.610267886592341
6.1017770773149191
7.0923548922824144
9.496855088853895
8.4508259864026734
10.966753995523161
6.2564314848241116
7.4159334473183085
7.7182074014082858
7.4159334473183085
8.4771392691040841
3.2498937837362218
8.7161095704820113
3.6551027831900198
6.5690083358229634
9.9531125677180174
3.6572444409526219
5.2575809693112081
3.1921814890258511
8.801402680809943
6.8025403947096246
7.4020298803176106
3.3365503039475399
9.7698241492069471
9.3506964214679336
7.410764694357078
3.1483810011182114
8.0515616592577111
5.6782941091840708
9.1556588483020214
4.331652202333883
3.5774788794684267
6.7317843963511788
4.7936405877075838
6.4247396312924412
5.5629966096942391
7.0160754434494441
12.332070171479451
5.2558433106315627
5.361509438490403
4.6349896652905702
5.4906246081243113
12.526402765037762
5.0074951010406163
9.1376437193510416
4.0455372030144758
4.1572321228057021
4.4475505603377288
3.9314500671768648
10.815552414822236
5.4135048577558518
6.3726329218642492
4.0747435434864405
8.6989646618196019
8.7411006417746648
8.6638997403016802
8.6990322324373501
5.1797053878179913
4.7144829701554141
6.1191741867555196
9.2900280104195296
7.5883989072696449
8.341469765061083
12.783835646480526
13.424851409287662
4.2204379616649259
9.327821956084362
11.512828219894095
12.971181245645182
2.8245244184582341
3.0888424127227507
7.2316493272166102
7.0923548922824144
6.1725911007522098
6.6544063678240972
12.896548424181407
3.2529834834009606
6.5950748681229614
8.3557122937903152
8.3557122937903152
8.2574821726945959
4.1661201942404622
4.370637723191507
3.8092353385857174
2.6754424966517263
8.1241936799898227
2.3833942208498731
10.611466221710746
8.2363167502160906
5.7381370580945203
4.0411803793029728
4.6117799157157311
4.1751175412121917
12.288077814694121
3.4924764153994672
9.1464835639869442
13.675594218192686
12.456577373727722
10.738093856475206
3.5111483427288475
9.3807176217639761
5.8982141381402489
9.3859558791714619
10.44779200593632
12.040235873449626
6.9938131657485672
6.5858826890301847
6.6129953791160458
5.9943720629769075
5.5629966096942391
8.2980802775511773
10.04692512630346
5.2003186045104464
7.2661375743807373
6.65920841398429
11.951853697621676
3.2498937837362218
3.4060876255334227
4.45226133148745
4.3056578634373519
4.7343434713106696
10.247058648460674
7.0160754434494441
7.2357878620061031
10.980832976558965
9.6228743261168184
9.1315652597586574
10.697462776132985
9.3110601651622176
11.566159608560492
4.6155553042302051
7.9062059907855105
3.5011961461117611
10.307070350444187
3.475784281012015
11.750155735145876
13.815304068277111
3.0824423463560109
3.5774788794684267
11.134403204540996
13.131625276692152
11.827892349542905
9.1464835639869442
10.531296286967134
7.3922040152890407
9.496855088853895
6.5611334104503989
8.4479550240575438
6.6754268102302081
11.338370189019543
12.366368219954291
8.7161095704820113
8.1241936799898227
6.9041076830060151
8.4392325352440647
8.0205550532110141
5.6021624875748586
12.379788770035088
7.7316991166950402
7.6674599398978529
4.7183340805284262
6.5611334104503989
8.3945519106934281
6.6605393702365578
6.8053536660449696
8.6392409456972885
3.4767020027152622
2.9296799355203822
2.4767792044797199
10.267243803169755
2.4955938251784051
11.413697857990881
11.400003408252607
8.4807090949492903
6.5950748681229614
10.135015186969353
9.9258364218672135
10.212976728439065
3.2270335687346385
2.9525999293878078
4.6591437474383337
5.8165977151768971
4.2980751354904072
4.1587717388542567
8.6729719766976405
13.461573162722411
9.1376437193510416
11.951853697621676
10.63821043257996
6.4456250130261203
6.6489572862647472
5.1797053878179913
5.0438064913082066
9.8287482123444736
9.7789690459865213
2.4474677419901316
2.3833942208498731
10.980832976558965
6.9041076830060151
3.2758168872917279
3.9707133771437526
5.427664231295604
3.6551027831900198
6.0268179278098737
9.3890139232166163
8.7411006417746648
5.9748928997639457
5.5232352317263098
6.5825825007376659
11.316669127745103
10.014113941251376
12.458713957517455
4.3453368122351446
5.4705861885687783
13.464534100451123
6.5690083358229634
6.2411588681871075
6.5835006352938539
6.1294624855695634
12.395899889590996
6.5831535106235011
9.3318517885932977
8.414162023817374
2.5357767035229735
2.4841506090764445
4.1661201942404622
6.4438034485576567
9.9531125677180174
5.7269445525942357
4.9812019841456205
12.332070171479451
4.6283112394030601
12.302331253503139
4.7215086726325648
11.728170917029797
4.5336914839468401
4.7025665590364305
6.1215814014133816
7.0078591687017413
11.400003408252607
5.7996651368180734
10.63821043257996
7.9011848567895662
6.5434857112459017
5.6782941091840708
4.6591437474383337
5.8544766963103863
6.8520954597158541
5.5210829730380526
7.4303037601701591
5.6403217777420078
5.9835297463752415
6.4456250130261203
6.8512046748263851
3.6030075929117769
6.1711258427821098
6.6571137902253623
5.2558433106315627
4.6283112394030601
5.2234380743775057
4.0455372030144758
4.6649573974815768
8.3595089149985995
4.5929880645322667
9.3984253365614894
2.7291055842968972
3.0888424127227507
12.379788770035088
3.4985482382975923
10.307070350444187
10.145155393214504
12.395899889590996
8.4479550240575438
7.3558381790301146
7.5931646630984977
6.5385040859767187
5.8834934661992033
6.6827016202558571
12.205059042364761
5.8544766963103863
5.6619481851287361
13.761052621903419
4.7724982557635069
7.8151968661156923
7.7316991166950402
9.751127208512326
7.5184000375658204
7.0620083661216668
4.4528907666634074
12.382551927231129
10.375382566360484
4.7144829701554141
6.2022539662528429
5.3109314522658888
11.221603931868499
12.146714533860743
12.430026274974228
4.4283506052102402
8.5073830264814951
9.1556396920908387
8.3557122937903152
10.824125549371242
3.6572444409526219
4.1572321228057021
13.675594218192686
5.4036998449668534
13.475602636781487
4.0373790788435304
4.8011282567510332
3.973902795992029
4.4840866397590178
5.8037329415960848
4.5782331697731342
12.955153187073984
3.4509412251489615
9.4837069062581048
6.8520954597158541
5.2003186045104464
6.4156080968187208
5.6021608437483419
3.1448052157480508
9.1315652597586574
9.7789690459865213
9.1317327274306859
4.18922044682086
5.9707432247058723
10.265807241178495
8.3945519106934281
10.480893806531604
12.302331253503139
10.292975649943877
10.371362796986249
3.9787694667902764
5.0438064913082066
7.6927919513280623
8.8419853434139704
13.754459917075211
10.760711687693808
4.4475505603377288
5.4036998449668534
12.146714533860743
12.015557907444999
10.255195419989672
12.146778028321881
6.2944782897798977
6.7998471435798891
3.2758168872917279
3.3912352947617466
9.9790921040299292
5.2649566682088302
3.9314500671768648
13.475602636781487
4.9283949703078731
5.948408758791949
4.2624695108884287
4.5630120954627174
13.42872665383369
7.3812037953795722
10.738093856475206
13.815304068277111
10.824125549371242
12.285531189929728
5.8012507572037837
5.361509438490403
6.316549653097324
11.134403204540996
11.773086754176147
6.1395019877148167
9.327821956084362
6.5831535106235011
6.6571137902253623
6.5251523132549227
10.559134193191289
6.4156080968187208
6.4836097058804869
10.611466221710746
8.4392325352440647
8.9329794174845496
9.5450050400058686
10.293383922691625
10.501665248000288
11.476874347716398
9.3736601695138813
2.4419906332628649
2.9296799355203822
6.7902117004367186
6.6605393702365578
4.1309678991677385
6.8547595171596258
13.480291540867833
9.2900280104195296
9.3318517885932977
7.1500286919154634
7.5883989072696449
9.6645886841919566
5.2575809693112081
4.0373790788435304
8.5405781689093683
12.688062287260284
6.2562608247941984
6.9938131657485672
5.8834934661992033
5.5351735304723269
5.4900851642817363
5.356570531526442
5.5229302280712718
7.0185314687721796
7.5036557632294985
8.414162023817374
8.8035349370871927
4.6349896652905702
4.7215086726325648
6.103393739695365
8.4508259864026734
7.0285554896134377
7.3352458369247202
8.724373819217174
4.458435548797067
7.0620083661216668
6.2577943084412384
10.657350174921428
8.7779701900684657
5.4906246081243113
6.4708227378928962
5.837201749086975
12.015557907444999
11.476874347716398
3.8991570020661768
6.4905482670214552
5.4848519602539243
7.3695228466462916
8.2192604572678682
12.526402765037762
8.2980802775511773
8.3557122937903152
10.135015186969353
10.801369143231724
8.2363167502160906
13.131625276692152
11.773086754176147
3.7991402325656187
3.3681998502737338
9.9258364218672135
10.815552414822236
3.4294924547291168
9.7686300043502818
3.9707133771437526
10.793859961785742
8.6729719766976405
7.9188902276890571
2.8925728485455569
2.4851066585600288
12.285531189929728
11.512828219894095
6.6544063678240972
5.6021624875748586
5.6021608437483419
10.255195419989672
6.5251523132549227
6.4836097058804869
9.3736601695138813
7.5128108312628292
4.4633823908511889
3.5903159418915336
4.688586937839597
4.6774465868416044
7.3352458369247202
5.7417829528794035
3.3912352947617466
8.7138290427717759
4.005284232215585
12.274120507090496
5.2862521423039652
4.6649573974815768
4.688586937839597
5.4705861885687783
7.9188902276890571
4.5301275069514322
3.1921814890258511
3.9148460412487807
10.265807241178495
2.8334888099103077
10.559134193191289
4.8011282567510332
4.9283949703078731
5.948408758791949
4.982202838067991
3.684207107419621
6.7317843963511788
6.5487842793626081
11.314005388471116
10.777250348163811
11.748922141839747
11.750155735145876
11.827892349542905
3.8680582499048661
8.801402680809943
4.370637723191507
6.0268179278098737
9.4837069062581048
3.3681998502737338
3.8822172396338281
4.3873435344679947
9.3342804689911034
4.2698868697866894
3.8314799401524509
10.290938269908777
4.1917184380008186
4.6216466129190179
3.1396033067798772
10.293383922691625
4.6353413655531206
9.3984253365614894
4.3336851081739161
6.8025403947096246
3.8092353385857174
3.8822172396338281
3.9964545346693017
10.793859961785742
3.354239260893237
3.475784281012015
10.531296286967134
6.2022539662528429
4.7231712577978975
4.9751369596253419
2.7139653775941981
6.5858826890301847
11.728170917029797
5.5351735304723269
4.9751369596253419
6.3849614092971922
5.8370572450609197
12.396762729939393
3.0850667836113659
3.0274784262600027
3.2418991259867909
13.044541172735508
6.2411588681871075
3.973902795992029
6.1796523901921896
7.4020298803176106
6.3917843386165822
10.480893806531604
7.8908203299729598
5.7381370580945203
9.3110601651622176
11.436289142095013
11.590265944928413
12.430026274974228
12.146778028321881
9.4773386579252765
11.590265944928413
12.13604310022192
11.477289011066784
10.966753995523161
7.1942386586778353
6.9686400062544394
5.5210829730380526
5.6619481851287361
5.9366806461188766
3.9928894374403643
3.8945955527366962
5.7824908369472645
7.4303037601701591
8.782712778760553
5.7647219451059311
5.9366806461188766
5.4135048577558518
6.6129953791160458
6.3849614092971922
7.5128553764696173
8.8035349370871927
9.5073033439887276
11.775016429393482
12.274120507090496
11.476600899970768
2.9525999293878078
2.8334888099103077
3.3365503039475399
5.7269445525942357
5.8037498678889783
4.3873435344679947
7.4276857182288891
6.2564314848241116
6.6754268102302081
7.1942386586778353
6.8571174501899614
7.6553811828559626
2.8669362258693587
13.605851208080898
3.8314799401524509
3.8945955527366962
6.9394071066229008
9.5073033439887276
8.2574821726945959
10.212976728439065
2.9187341305666856
3.7065858570216039
13.754459917075211
6.7916695906578504
12.605313114497541
5.4900851642817363
5.8370572450609197
6.8512046748263851
8.341469765061083
9.6645886841919566
2.6191909369675939
2.4767792044797199
12.71613908182025
4.4575125178795085
4.6302395875342039
5.4573226987866414
5.9943720629769075
5.356570531526442
9.9573796528552823
5.8165977151768971
5.6403217777420078
7.4159334473183085
2.6869188176394028
5.5232352317263098
3.8542740283616146
9.9790921040299292
8.7138290427717759
4.4343149730358524
4.2980751354904072
4.4352016714092697
5.5229302280712718
9.9573796528552823
4.4697478517151144
6.65920841398429
5.5031010289490183
6.8983130253475196
10.267243803169755
5.6534524861556914
4.1587717388542567
4.6302395875342039
4.9061051648622014
12.396762729939393
4.5336914839468401
3.0850667836113659
6.6801393426164859
7.0185314687721796
3.2158902460678593
2.4955938251784051
7.6393993684278287
11.850169099303013
4.9794494809171583
7.7281914135249377
9.1317327274306859
11.749012037882194
7.3695228466462916
6.3726329218642492
6.6489572862647472
4.5149691649802177
5.837201749086975
3.0274784262600027
4.0747435434864405
4.982202838067991
4.7025665590364305
6.103393739695365
5.3109314522658888
4.7231712577978975
10.408685921171621
10.420853102125871
6.5825825007376659
6.1215814014133816
3.8542740283616146
4.4840866397590178
4.2624695108884287
5.8037329415960848
4.5630120954627174
7.7182074014082858
6.8571174501899614
5.0074951010406163
9.7698241492069471
4.5782331697731342
6.6001573655513948
8.782712778760553
12.955153187073984
6.5835006352938539
6.1796523901921896
3.4060876255334227
4.6155553042302051
3.4509412251489615
3.7225492116129546
3.5986952724631904
12.610267886592341
9.3506964214679336
11.416499064746631
7.410764694357078
12.783835646480526
8.6638997403016802
6.7313918187965172
10.501665248000288
3.1483810011182114
3.9964545346693017
8.6990322324373501
9.1556396920908387
7.4447320483399739
10.714889677696258
10.290938269908777
3.6893740863711688
4.1751175412121917
9.1556588483020214
13.424851409287662
9.6259896731269876
13.668330147569531
3.4187474346767002
4.005284232215585
12.676133226088414
7.3734564471325452
4.45226133148745
3.7225492116129546
3.2418991259867909
6.6801393426164859
6.970549915739368
4.1368791187900955
6.5487842793626081
9.751127208512326
11.476600899970768
7.5904252240156502
7.6674599398978529
7.4159334473183085
6.8547595171596258
6.7916695906578504
8.0205550532110141
5.427664231295604
5.647387344935332
4.4352016714092697
6.3689917373657927
10.371362796986249
5.4573226987866414
4.9061051648622014
4.3056578634373519
6.3751650398088584
6.6827016202558571
11.490302989243446
8.4771392691040841
4.7343434713106696
3.5986952724631904
